rot:
  max: 107.89375772147658
  mean: 3.2897559400436327
  median: 1.4082344337877564
  min: 0.3669993966619987
  num_samples: 2270
  rmse: 14.542108586460415
  std: 14.165113059744813
scale:
  max: 33.50740848396152
  mean: 1.4121841003568825
  median: 0.9882904521042846
  min: 0.0013864550937991993
  num_samples: 2270
  rmse: 2.6944183460214153
  std: 2.2946952499353785
trans:
  max: 2.817538622773312
  mean: 0.08837708948542859
  median: 0.05360237094679386
  min: 0.011026150472296489
  num_samples: 2270
  rmse: 0.2693589327924915
  std: 0.2544478821471985
