rot:
  max: 4.365483727104286
  mean: 2.4463977169340474
  median: 2.4016461526453146
  min: 1.8236321604432901
  num_samples: 1914
  rmse: 2.4642089559300797
  std: 0.2957431133025831
scale:
  max: 2.880044460141684
  mean: 0.6355247973913845
  median: 0.4656865533641641
  min: 0.00025750729106821524
  num_samples: 1914
  rmse: 0.8307869149834298
  std: 0.5350842270225542
trans:
  max: 0.13341884542039692
  mean: 0.03665347051700779
  median: 0.032718239915911676
  min: 0.0026572272279768486
  num_samples: 1914
  rmse: 0.042541564580651385
  std: 0.02159416161902492
